date,path,title,count,uniques
2023-04-16,/astrochun/uarizona-salary-app,GitHub - astrochun/uarizona-salary-app: Streamlit app to illustrate Universit...,6,3
2023-04-16,/astrochun/Zcalbase_gal,astrochun/Zcalbase_gal: Python 3.x codes for Metallicity Calibration Database...,1,1
2023-04-16,/astrochun/Zcalbase_gal/blob/c1a53e4ca4380b529b1d7292218206bcc84d9f1d/observing/find_nearby_bright_star.py,Zcalbase_gal/find_nearby_bright_star.py at c1a53e4ca4380b529b1d7292218206bcc8...,1,1
2023-04-16,/astrochun/Zcalbase_gal/blob/master/analysis/deep2_r23_o32/zoom_and_gauss_general.py,Zcalbase_gal/zoom_and_gauss_general.py at master · astrochun/Zcalbase_gal,1,1
2023-04-16,/astrochun/Zcalbase_gal/tree/master/analysis,Zcalbase_gal/analysis at master · astrochun/Zcalbase_gal,1,1
2023-04-16,/astrochun/Zcalbase_gal/tree/master/analysis/deep2_r23_o32,Zcalbase_gal/analysis/deep2_r23_o32 at master · astrochun/Zcalbase_gal,1,1
